/Users/adminadmin/Documents/mywork/ATP/axiomselect/data/MPTP/Chainy_csv/MPT0182+1.csv
0.06437768240343347
0.012422360248447204
0.012422360248447204
0.012578616352201259
0.028846153846153848
0.0
/Users/adminadmin/Documents/mywork/ATP/axiomselect/data/MPTP/Chainy_csv/MPT0326+1.csv
0.0340632603406326
0.0
0.0440251572327044
0.033734939759036145
0.038781163434903045
0.052434456928838954
/Users/adminadmin/Documents/mywork/ATP/axiomselect/data/MPTP/Chainy_csv/MPT0062+1.csv
0.21649484536082475
0.0
0.0
0.0
0.0
0.0
/Users/adminadmin/Documents/mywork/ATP/axiomselect/data/MPTP/Chainy_csv/MPT0027+1.csv
0.06896551724137931
0.0
0.06349206349206349
0.0
0.06349206349206349
0.06896551724137931
/Users/adminadmin/Documents/mywork/ATP/axiomselect/data/MPTP/Chainy_csv/MPT0206+1.csv
0.023076923076923078
0.0
0.021897810218978103
0.0
0.021897810218978103
0.0
/Users/adminadmin/Documents/mywork/ATP/axiomselect/data/MPTP/Chainy_csv/MPT0243+1.csv
0.040625
0.009478672985781991
0.04318936877076412
0.038461538461538464
0.038922155688622756
0.047619047619047616
/Users/adminadmin/Documents/mywork/ATP/axiomselect/data/MPTP/Chainy_csv/MPT0107+1.csv
0.0958904109589041
0.0
0.09271523178807947
0.0
0.09271523178807947
0.11864406779661017
/Users/adminadmin/Documents/mywork/ATP/axiomselect/data/MPTP/Chainy_csv/MPT0142+1.csv
0.046875
0.0
0.04411764705882353
0.0
0.04411764705882353
0.06428571428571428
/Users/adminadmin/Documents/mywork/ATP/axiomselect/data/MPTP/Chainy_csv/MPT0086+1.csv
0.08196721311475409
0.0
0.0
0.07874015748031496
0.0
0.0
/Users/adminadmin/Documents/mywork/ATP/axiomselect/data/MPTP/Chainy_csv/MPT0123+1.csv
0.03636363636363636
0.0
0.03571428571428571
0.0
0.03571428571428571
0.046875
/Users/adminadmin/Documents/mywork/ATP/axiomselect/data/MPTP/Chainy_csv/MPT0166+1.csv
0.02304147465437788
0.0
0.013333333333333334
0.0
0.011627906976744186
0.02040816326530612
/Users/adminadmin/Documents/mywork/ATP/axiomselect/data/MPTP/Chainy_csv/MPT0222+1.csv
0.04529616724738676
0.0
0.04276315789473684
0.0
0.04276315789473684
0.034934497816593885
/Users/adminadmin/Documents/mywork/ATP/axiomselect/data/MPTP/Chainy_csv/MPT0267+1.csv
0.011560693641618497
0.008928571428571428
0.010958904109589041
0.008583690987124463
0.010958904109589041
0.0121580547112462
/Users/adminadmin/Documents/mywork/ATP/axiomselect/data/MPTP/Chainy_csv/MPT0046+1.csv
0.2
0.0
0.028985507246376812
0.03076923076923077
0.1951219512195122
0.0
/Users/adminadmin/Documents/mywork/ATP/axiomselect/data/MPTP/Chainy_csv/MPT0003+1.csv
0.2
0.0
0.2727272727272727
0.2727272727272727
0.2727272727272727
0.2727272727272727
/Users/adminadmin/Documents/mywork/ATP/axiomselect/data/MPTP/Chainy_csv/MPT0347+1.csv
0.07236842105263158
0.0
0.06932773109243698
0.0
0.06932773109243698
0.0
/Users/adminadmin/Documents/mywork/ATP/axiomselect/data/MPTP/Chainy_csv/MPT0302+1.csv
0.013123359580052493
0.01968503937007874
0.0125
0.019011406844106463
0.0125
0.014534883720930232
/Users/adminadmin/Documents/mywork/ATP/axiomselect/data/MPTP/Chainy_csv/MPT0159+1.csv
0.02857142857142857
0.0
0.026905829596412557
0.0
0.026905829596412557
0.0
/Users/adminadmin/Documents/mywork/ATP/axiomselect/data/MPTP/Chainy_csv/MPT0258+1.csv
0.0771513353115727
0.013574660633484163
0.07344632768361582
0.01327433628318584
0.07344632768361582
0.07761194029850746
/Users/adminadmin/Documents/mywork/ATP/axiomselect/data/MPTP/Chainy_csv/MPT0345+1.csv
0.15401785714285715
0.0
0.14775160599571735
0.0
0.14743589743589744
0.0
/Users/adminadmin/Documents/mywork/ATP/axiomselect/data/MPTP/Chainy_csv/MPT0300+1.csv
0.08443271767810026
0.0642570281124498
0.08040201005025126
0.06611570247933884
0.08040201005025126
0.08719346049046321
/Users/adminadmin/Documents/mywork/ATP/axiomselect/data/MPTP/Chainy_csv/MPT0044+1.csv
0.01282051282051282
0.02127659574468085
0.01282051282051282
0.02
0.01282051282051282
0.013333333333333334
/Users/adminadmin/Documents/mywork/ATP/axiomselect/data/MPTP/Chainy_csv/MPT0001+1.csv
0.42857142857142855
0.42857142857142855
0.42857142857142855
0.42857142857142855
0.42857142857142855
0.0
/Users/adminadmin/Documents/mywork/ATP/axiomselect/data/MPTP/Chainy_csv/MPT0079+1.csv
0.2
0.0
0.19166666666666668
0.0
0.19166666666666668
0.20175438596491227
/Users/adminadmin/Documents/mywork/ATP/axiomselect/data/MPTP/Chainy_csv/MPT0084+1.csv
0.1
0.0
0.10810810810810811
0.07563025210084033
0.10434782608695652
0.11214953271028037
/Users/adminadmin/Documents/mywork/ATP/axiomselect/data/MPTP/Chainy_csv/MPT0220+1.csv
0.08480565371024736
0.0
0.08
0.0
0.08
0.01015228426395939
/Users/adminadmin/Documents/mywork/ATP/axiomselect/data/MPTP/Chainy_csv/MPT0265+1.csv
0.040697674418604654
0.0
0.03856749311294766
0.0
0.03856749311294766
0.024539877300613498
/Users/adminadmin/Documents/mywork/ATP/axiomselect/data/MPTP/Chainy_csv/MPT0199+1.csv
0.027777777777777776
0.0
0.026415094339622643
0.0
0.026415094339622643
0.015873015873015872
/Users/adminadmin/Documents/mywork/ATP/axiomselect/data/MPTP/Chainy_csv/MPT0121+1.csv
0.049079754601226995
0.017391304347826087
0.016260162601626018
0.049079754601226995
0.05555555555555555
0.06153846153846154
/Users/adminadmin/Documents/mywork/ATP/axiomselect/data/MPTP/Chainy_csv/MPT0164+1.csv
0.018604651162790697
0.0125
0.017543859649122806
0.0
0.017543859649122806
0.0
/Users/adminadmin/Documents/mywork/ATP/axiomselect/data/MPTP/Chainy_csv/MPT0298+1.csv
0.002652519893899204
0.003968253968253968
0.002898550724637681
0.0025252525252525255
0.002680965147453083
0.003355704697986577
/Users/adminadmin/Documents/mywork/ATP/axiomselect/data/MPTP/Chainy_csv/MPT0319+1.csv
0.004975124378109453
0.007380073800738007
0.004750593824228029
0.0070921985815602835
0.004750593824228029
0.005063291139240506
/Users/adminadmin/Documents/mywork/ATP/axiomselect/data/MPTP/Chainy_csv/MPT0018+1.csv
0.041666666666666664
0.06060606060606061
0.047619047619047616
0.03773584905660377
0.03773584905660377
0.046511627906976744
/Users/adminadmin/Documents/mywork/ATP/axiomselect/data/MPTP/Chainy_csv/MPT0105+1.csv
0.125
0.0
0.12080536912751678
0.0
0.12080536912751678
0.0
/Users/adminadmin/Documents/mywork/ATP/axiomselect/data/MPTP/Chainy_csv/MPT0140+1.csv
0.042105263157894736
0.0
0.039603960396039604
0.0
0.039603960396039604
0.0759493670886076
/Users/adminadmin/Documents/mywork/ATP/axiomselect/data/MPTP/Chainy_csv/MPT0204+1.csv
0.003875968992248062
0.006493506493506494
0.003676470588235294
0.006578947368421052
0.003676470588235294
0.00641025641025641
/Users/adminadmin/Documents/mywork/ATP/axiomselect/data/MPTP/Chainy_csv/MPT0180+1.csv
0.030303030303030304
0.0
0.028688524590163935
0.0
0.028688524590163935
0.015037593984962405
/Users/adminadmin/Documents/mywork/ATP/axiomselect/data/MPTP/Chainy_csv/MPT0239+1.csv
0.044585987261146494
0.0
0.042042042042042045
0.0
0.042042042042042045
0.0472972972972973
/Users/adminadmin/Documents/mywork/ATP/axiomselect/data/MPTP/Chainy_csv/MPT0281+1.csv
0.075
0.0
0.0712401055408971
0.0
0.0712401055408971
0.08059701492537313
/Users/adminadmin/Documents/mywork/ATP/axiomselect/data/MPTP/Chainy_csv/MPT0138+1.csv
0.0427807486631016
0.0
0.04040404040404041
0.0
0.04040404040404041
0.06349206349206349
/Users/adminadmin/Documents/mywork/ATP/axiomselect/data/MPTP/Chainy_csv/MPT0060+1.csv
0.16842105263157894
0.0
0.16
0.0
0.16
0.0
/Users/adminadmin/Documents/mywork/ATP/axiomselect/data/MPTP/Chainy_csv/MPT0025+1.csv
0.05357142857142857
0.075
0.07142857142857142
0.05454545454545454
0.05263157894736842
0.058823529411764705
/Users/adminadmin/Documents/mywork/ATP/axiomselect/data/MPTP/Chainy_csv/MPT0324+1.csv
0.02689486552567237
0.02702702702702703
0.029023746701846966
0.02570093457943925
0.0267639902676399
0.01928374655647383
/Users/adminadmin/Documents/mywork/ATP/axiomselect/data/MPTP/Chainy_csv/MPT0200+1.csv
0.03162055335968379
0.012987012987012988
0.03007518796992481
0.0
0.03007518796992481
0.04040404040404041
/Users/adminadmin/Documents/mywork/ATP/axiomselect/data/MPTP/Chainy_csv/MPT0245+1.csv
0.06191950464396285
0.004672897196261682
0.058823529411764705
0.058997050147492625
0.05847953216374269
0.07692307692307693
/Users/adminadmin/Documents/mywork/ATP/axiomselect/data/MPTP/Chainy_csv/MPT0101+1.csv
0.14388489208633093
0.04395604395604396
0.13986013986013987
0.03773584905660377
0.13986013986013987
0.04819277108433735
/Users/adminadmin/Documents/mywork/ATP/axiomselect/data/MPTP/Chainy_csv/MPT0144+1.csv
0.04639175257731959
0.0
0.043689320388349516
0.0
0.043689320388349516
0.23684210526315788
/Users/adminadmin/Documents/mywork/ATP/axiomselect/data/MPTP/Chainy_csv/MPT0059+1.csv
0.19148936170212766
0.1044776119402985
0.08641975308641975
0.1044776119402985
0.07368421052631578
0.0
/Users/adminadmin/Documents/mywork/ATP/axiomselect/data/MPTP/Chainy_csv/MPT0320+1.csv
0.02481389578163772
0.0
0.023696682464454975
0.0
0.023696682464454975
0.0
/Users/adminadmin/Documents/mywork/ATP/axiomselect/data/MPTP/Chainy_csv/MPT0064+1.csv
0.009708737864077669
0.014084507042253521
0.014084507042253521
0.009523809523809525
0.010869565217391304
0.014285714285714285
/Users/adminadmin/Documents/mywork/ATP/axiomselect/data/MPTP/Chainy_csv/MPT0021+1.csv
0.09803921568627451
0.0
0.08928571428571429
0.0
0.08928571428571429
0.09803921568627451
/Users/adminadmin/Documents/mywork/ATP/axiomselect/data/MPTP/Chainy_csv/MPT0285+1.csv
0.0027472527472527475
0.00411522633744856
0.0026109660574412533
0.002652519893899204
0.0026109660574412533
0.0034129692832764505
/Users/adminadmin/Documents/mywork/ATP/axiomselect/data/MPTP/Chainy_csv/MPT0179+1.csv
0.02608695652173913
0.0
0.024691358024691357
0.0
0.024691358024691357
0.0
/Users/adminadmin/Documents/mywork/ATP/axiomselect/data/MPTP/Chainy_csv/MPT0184+1.csv
0.00851063829787234
0.013071895424836602
0.012578616352201259
0.013333333333333334
0.009523809523809525
0.0
/Users/adminadmin/Documents/mywork/ATP/axiomselect/data/MPTP/Chainy_csv/MPT0278+1.csv
0.008403361344537815
0.01276595744680851
0.00946372239747634
0.007978723404255319
0.008571428571428572
0.0136986301369863
/Users/adminadmin/Documents/mywork/ATP/axiomselect/data/MPTP/Chainy_csv/MPT0040+1.csv
0.0273972602739726
0.046511627906976744
0.03571428571428571
0.03125
0.0273972602739726
0.03125
/Users/adminadmin/Documents/mywork/ATP/axiomselect/data/MPTP/Chainy_csv/MPT0005+1.csv
0.08333333333333333
0.09090909090909091
0.06896551724137931
0.06896551724137931
0.06896551724137931
0.09090909090909091
/Users/adminadmin/Documents/mywork/ATP/axiomselect/data/MPTP/Chainy_csv/MPT0341+1.csv
0.0045662100456621
0.007547169811320755
0.0072992700729927005
0.007220216606498195
0.005813953488372093
0.020618556701030927
/Users/adminadmin/Documents/mywork/ATP/axiomselect/data/MPTP/Chainy_csv/MPT0125+1.csv
0.023529411764705882
0.032520325203252036
0.032520325203252036
0.031496062992125984
0.02702702702702703
0.06779661016949153
/Users/adminadmin/Documents/mywork/ATP/axiomselect/data/MPTP/Chainy_csv/MPT0160+1.csv
0.014218009478672985
0.013157894736842105
0.0
0.0
0.017241379310344827
0.043478260869565216
/Users/adminadmin/Documents/mywork/ATP/axiomselect/data/MPTP/Chainy_csv/MPT0224+1.csv
0.07560137457044673
0.0
0.07142857142857142
0.0
0.07142857142857142
0.0
/Users/adminadmin/Documents/mywork/ATP/axiomselect/data/MPTP/Chainy_csv/MPT0261+1.csv
0.0029411764705882353
0.0043859649122807015
0.0031847133757961785
0.002824858757062147
0.0029154518950437317
0.0035971223021582736
/Users/adminadmin/Documents/mywork/ATP/axiomselect/data/MPTP/Chainy_csv/MPT0080+1.csv
0.07758620689655173
0.10843373493975904
0.08333333333333333
0.07627118644067797
0.07894736842105263
0.08333333333333333
/Users/adminadmin/Documents/mywork/ATP/axiomselect/data/MPTP/Chainy_csv/MPT0038+1.csv
0.13043478260869565
0.0
0.18
0.0
0.14516129032258066
0.15
/Users/adminadmin/Documents/mywork/ATP/axiomselect/data/MPTP/Chainy_csv/MPT0226+1.csv
0.06779661016949153
0.015706806282722512
0.0641025641025641
0.015544041450777202
0.0641025641025641
0.0211864406779661
/Users/adminadmin/Documents/mywork/ATP/axiomselect/data/MPTP/Chainy_csv/MPT0263+1.csv
0.04678362573099415
0.0
0.0443213296398892
0.0
0.0443213296398892
0.047058823529411764
/Users/adminadmin/Documents/mywork/ATP/axiomselect/data/MPTP/Chainy_csv/MPT0127+1.csv
0.05202312138728324
0.0
0.0
0.0
0.01935483870967742
0.25
/Users/adminadmin/Documents/mywork/ATP/axiomselect/data/MPTP/Chainy_csv/MPT0162+1.csv
0.009389671361502348
0.0
0.0
0.0
0.0
0.0
/Users/adminadmin/Documents/mywork/ATP/axiomselect/data/MPTP/Chainy_csv/MPT0082+1.csv
0.1271186440677966
0.0
0.0
0.12195121951219512
0.0
0.0
/Users/adminadmin/Documents/mywork/ATP/axiomselect/data/MPTP/Chainy_csv/MPT0343+1.csv
0.01809954751131222
0.021660649819494584
0.017316017316017316
0.02054794520547945
0.017316017316017316
0.0199501246882793
/Users/adminadmin/Documents/mywork/ATP/axiomselect/data/MPTP/Chainy_csv/MPT0042+1.csv
0.04
0.0625
0.05263157894736842
0.04411764705882353
0.0410958904109589
0.045454545454545456
/Users/adminadmin/Documents/mywork/ATP/axiomselect/data/MPTP/Chainy_csv/MPT0007+1.csv
0.06666666666666667
0.09523809523809523
0.09090909090909091
0.07142857142857142
0.0625
0.10526315789473684
/Users/adminadmin/Documents/mywork/ATP/axiomselect/data/MPTP/Chainy_csv/MPT0066+1.csv
0.0392156862745098
0.056338028169014086
0.046511627906976744
0.037383177570093455
0.04081632653061224
0.047058823529411764
/Users/adminadmin/Documents/mywork/ATP/axiomselect/data/MPTP/Chainy_csv/MPT0023+1.csv
0.018518518518518517
0.029411764705882353
0.019230769230769232
0.020833333333333332
0.01694915254237288
0.0
/Users/adminadmin/Documents/mywork/ATP/axiomselect/data/MPTP/Chainy_csv/MPT0186+1.csv
0.05485232067510549
0.0
0.052
0.0
0.052
0.0
/Users/adminadmin/Documents/mywork/ATP/axiomselect/data/MPTP/Chainy_csv/MPT0287+1.csv
0.00546448087431694
0.008
0.005194805194805195
0.005263157894736842
0.005194805194805195
0.006779661016949152
/Users/adminadmin/Documents/mywork/ATP/axiomselect/data/MPTP/Chainy_csv/MPT0103+1.csv
0.2112676056338028
0.0
0.0
0.20689655172413793
0.03937007874015748
0.041666666666666664
/Users/adminadmin/Documents/mywork/ATP/axiomselect/data/MPTP/Chainy_csv/MPT0146+1.csv
0.06091370558375635
0.0
0.05714285714285714
0.0
0.05714285714285714
0.08450704225352113
/Users/adminadmin/Documents/mywork/ATP/axiomselect/data/MPTP/Chainy_csv/MPT0202+1.csv
0.015625
0.0
0.014814814814814815
0.0
0.014814814814814815
0.043478260869565216
/Users/adminadmin/Documents/mywork/ATP/axiomselect/data/MPTP/Chainy_csv/MPT0247+1.csv
0.03987730061349693
0.0
0.03768115942028986
0.0
0.03768115942028986
0.04024767801857585
/Users/adminadmin/Documents/mywork/ATP/axiomselect/data/MPTP/Chainy_csv/MPT0264+1.csv
0.08454810495626822
0.0
0.08055555555555556
0.0
0.08055555555555556
0.08504398826979472
/Users/adminadmin/Documents/mywork/ATP/axiomselect/data/MPTP/Chainy_csv/MPT0221+1.csv
0.042105263157894736
0.011560693641618497
0.039735099337748346
0.010752688172043012
0.039735099337748346
0.042704626334519574
/Users/adminadmin/Documents/mywork/ATP/axiomselect/data/MPTP/Chainy_csv/MPT0198+1.csv
0.027888446215139442
0.0125
0.026515151515151516
0.0
0.026515151515151516
0.013422818791946308
/Users/adminadmin/Documents/mywork/ATP/axiomselect/data/MPTP/Chainy_csv/MPT0165+1.csv
0.009259259259259259
0.012658227848101266
0.008733624454148471
0.012738853503184714
0.008733624454148471
0.0
/Users/adminadmin/Documents/mywork/ATP/axiomselect/data/MPTP/Chainy_csv/MPT0120+1.csv
0.006172839506172839
0.0
0.006060606060606061
0.0
0.006060606060606061
0.007874015748031496
/Users/adminadmin/Documents/mywork/ATP/axiomselect/data/MPTP/Chainy_csv/MPT0299+1.csv
0.005291005291005291
0.007936507936507936
0.0058309037900874635
0.005037783375314861
0.005361930294906166
0.006711409395973154
/Users/adminadmin/Documents/mywork/ATP/axiomselect/data/MPTP/Chainy_csv/MPT0078+1.csv
0.11403508771929824
0.0
0.1092436974789916
0.0
0.1092436974789916
0.11504424778761062
/Users/adminadmin/Documents/mywork/ATP/axiomselect/data/MPTP/Chainy_csv/MPT0085+1.csv
0.11570247933884298
0.0
0.1111111111111111
0.0
0.1111111111111111
0.03389830508474576
/Users/adminadmin/Documents/mywork/ATP/axiomselect/data/MPTP/Chainy_csv/MPT0301+1.csv
0.07894736842105263
0.0
0.07556675062972293
0.0
0.07556675062972293
0.06168831168831169
/Users/adminadmin/Documents/mywork/ATP/axiomselect/data/MPTP/Chainy_csv/MPT0344+1.csv
0.020316027088036117
0.02909090909090909
0.019438444924406047
0.027972027972027972
0.019438444924406047
0.020689655172413793
/Users/adminadmin/Documents/mywork/ATP/axiomselect/data/MPTP/Chainy_csv/MPT0045+1.csv
0.05063291139240506
0.08333333333333333
0.047619047619047616
0.08163265306122448
0.047619047619047616
0.05263157894736842
/Users/adminadmin/Documents/mywork/ATP/axiomselect/data/MPTP/Chainy_csv/MPT0158+1.csv
0.0430622009569378
0.0
0.04054054054054054
0.0
0.04054054054054054
0.0
/Users/adminadmin/Documents/mywork/ATP/axiomselect/data/MPTP/Chainy_csv/MPT0259+1.csv
0.0029585798816568047
0.004484304932735426
0.003215434083601286
0.002824858757062147
0.0029585798816568047
0.0036231884057971015
/Users/adminadmin/Documents/mywork/ATP/axiomselect/data/MPTP/Chainy_csv/MPT0024+1.csv
0.03636363636363636
0.05128205128205128
0.04878048780487805
0.037037037037037035
0.03571428571428571
0.04
/Users/adminadmin/Documents/mywork/ATP/axiomselect/data/MPTP/Chainy_csv/MPT0061+1.csv
1.0
0.014705882352941176
0.012195121951219513
0.014705882352941176
0.010526315789473684
0.06666666666666667
/Users/adminadmin/Documents/mywork/ATP/axiomselect/data/MPTP/Chainy_csv/MPT0325+1.csv
0.02195121951219512
0.0
0.02097902097902098
0.0
0.02097902097902098
0.0
/Users/adminadmin/Documents/mywork/ATP/axiomselect/data/MPTP/Chainy_csv/MPT0181+1.csv
0.04310344827586207
0.006369426751592357
0.006329113924050633
0.00625
0.004807692307692308
0.02040816326530612
/Users/adminadmin/Documents/mywork/ATP/axiomselect/data/MPTP/Chainy_csv/MPT0280+1.csv
0.013927576601671309
0.0205761316872428
0.015625
0.013297872340425532
0.014204545454545454
0.023696682464454975
/Users/adminadmin/Documents/mywork/ATP/axiomselect/data/MPTP/Chainy_csv/MPT0139+1.csv
0.06914893617021277
0.0
0.06532663316582915
0.0
0.06532663316582915
0.10236220472440945
/Users/adminadmin/Documents/mywork/ATP/axiomselect/data/MPTP/Chainy_csv/MPT0141+1.csv
0.041884816753926704
0.0
0.03940886699507389
0.0
0.03940886699507389
0.05970149253731343
/Users/adminadmin/Documents/mywork/ATP/axiomselect/data/MPTP/Chainy_csv/MPT0104+1.csv
0.13286713286713286
0.0
0.0
0.013888888888888888
0.015267175572519083
0.0
/Users/adminadmin/Documents/mywork/ATP/axiomselect/data/MPTP/Chainy_csv/MPT0240+1.csv
0.37658227848101267
0.0
0.35522388059701493
0.0
0.35522388059701493
0.0
/Users/adminadmin/Documents/mywork/ATP/axiomselect/data/MPTP/Chainy_csv/MPT0205+1.csv
0.015444015444015444
0.0
0.014652014652014652
0.0
0.014652014652014652
0.07272727272727272
/Users/adminadmin/Documents/mywork/ATP/axiomselect/data/MPTP/Chainy_csv/MPT0318+1.csv
0.0399002493765586
0.0
0.0380952380952381
0.0
0.0380952380952381
0.04419889502762431
/Users/adminadmin/Documents/mywork/ATP/axiomselect/data/MPTP/Chainy_csv/MPT0019+1.csv
0.10204081632653061
0.0
0.09259259259259259
0.0
0.09259259259259259
0.10204081632653061
/Users/adminadmin/Documents/mywork/ATP/axiomselect/data/MPTP/Chainy_csv/MPT0242+1.csv
0.003134796238244514
0.004761904761904762
0.0033333333333333335
0.0030303030303030303
0.003003003003003003
0.0036363636363636364
/Users/adminadmin/Documents/mywork/ATP/axiomselect/data/MPTP/Chainy_csv/MPT0207+1.csv
0.03065134099616858
0.0
0.02909090909090909
0.0
0.02909090909090909
0.0
/Users/adminadmin/Documents/mywork/ATP/axiomselect/data/MPTP/Chainy_csv/MPT0143+1.csv
0.0051813471502590676
0.006944444444444444
0.004878048780487805
0.007042253521126761
0.004878048780487805
0.030303030303030304
/Users/adminadmin/Documents/mywork/ATP/axiomselect/data/MPTP/Chainy_csv/MPT0106+1.csv
0.027586206896551724
0.0
0.02666666666666667
0.0
0.02666666666666667
0.0
/Users/adminadmin/Documents/mywork/ATP/axiomselect/data/MPTP/Chainy_csv/MPT0327+1.csv
0.0412621359223301
0.0
0.03944315545243619
0.0
0.03944315545243619
0.019933554817275746
/Users/adminadmin/Documents/mywork/ATP/axiomselect/data/MPTP/Chainy_csv/MPT0026+1.csv
0.03508771929824561
0.04878048780487805
0.046511627906976744
0.03571428571428571
0.034482758620689655
0.038461538461538464
/Users/adminadmin/Documents/mywork/ATP/axiomselect/data/MPTP/Chainy_csv/MPT0063+1.csv
0.020202020202020204
0.029411764705882353
0.029411764705882353
0.019230769230769232
0.02197802197802198
0.028985507246376812
/Users/adminadmin/Documents/mywork/ATP/axiomselect/data/MPTP/Chainy_csv/MPT0282+1.csv
0.13573407202216067
0.0
0.12894736842105264
0.0
0.12894736842105264
0.0
/Users/adminadmin/Documents/mywork/ATP/axiomselect/data/MPTP/Chainy_csv/MPT0183+1.csv
0.008547008547008548
0.013157894736842105
0.013071895424836602
0.013071895424836602
0.011049723756906077
0.043478260869565216
/Users/adminadmin/Documents/mywork/ATP/axiomselect/data/MPTP/Chainy_csv/MPT0002+1.csv
0.3333333333333333
0.3333333333333333
0.3333333333333333
0.0
0.3333333333333333
0.3333333333333333
/Users/adminadmin/Documents/mywork/ATP/axiomselect/data/MPTP/Chainy_csv/MPT0047+1.csv
0.19753086419753085
0.037037037037037035
0.0273972602739726
0.03125
0.1927710843373494
0.02702702702702703
/Users/adminadmin/Documents/mywork/ATP/axiomselect/data/MPTP/Chainy_csv/MPT0303+1.csv
0.007853403141361256
0.012
0.007481296758104738
0.011406844106463879
0.007481296758104738
0.008595988538681949
/Users/adminadmin/Documents/mywork/ATP/axiomselect/data/MPTP/Chainy_csv/MPT0346+1.csv
0.07505518763796909
0.0
0.07188160676532769
0.0
0.07188160676532769
0.0
/Users/adminadmin/Documents/mywork/ATP/axiomselect/data/MPTP/Chainy_csv/MPT0167+1.csv
0.013761467889908258
0.0
0.012987012987012988
0.0
0.012987012987012988
0.0
/Users/adminadmin/Documents/mywork/ATP/axiomselect/data/MPTP/Chainy_csv/MPT0122+1.csv
0.006097560975609756
0.008620689655172414
0.00819672131147541
0.006097560975609756
0.006802721088435374
0.00847457627118644
/Users/adminadmin/Documents/mywork/ATP/axiomselect/data/MPTP/Chainy_csv/MPT0266+1.csv
0.057971014492753624
0.021551724137931036
0.054945054945054944
0.021367521367521368
0.054945054945054944
0.05970149253731343
/Users/adminadmin/Documents/mywork/ATP/axiomselect/data/MPTP/Chainy_csv/MPT0223+1.csv
0.06228373702422145
0.0
0.058823529411764705
0.0
0.058823529411764705
0.0
/Users/adminadmin/Documents/mywork/ATP/axiomselect/data/MPTP/Chainy_csv/MPT0087+1.csv
0.08943089430894309
0.034482758620689655
0.031914893617021274
0.0859375
0.02702702702702703
0.029411764705882353
/Users/adminadmin/Documents/mywork/ATP/axiomselect/data/MPTP/Chainy_csv/MPT0307+1.csv
0.005154639175257732
0.00851063829787234
0.005747126436781609
0.005
0.005333333333333333
0.00816326530612245
/Users/adminadmin/Documents/mywork/ATP/axiomselect/data/MPTP/Chainy_csv/MPT0342+1.csv
0.013605442176870748
0.019230769230769232
0.013015184381778741
0.011286681715575621
0.013015184381778741
0.015384615384615385
/Users/adminadmin/Documents/mywork/ATP/axiomselect/data/MPTP/Chainy_csv/MPT0006+1.csv
0.10344827586206896
0.0
0.08823529411764706
0.0
0.08823529411764706
0.1111111111111111
/Users/adminadmin/Documents/mywork/ATP/axiomselect/data/MPTP/Chainy_csv/MPT0043+1.csv
0.039473684210526314
0.046511627906976744
0.03333333333333333
0.045454545454545456
0.039473684210526314
0.04477611940298507
/Users/adminadmin/Documents/mywork/ATP/axiomselect/data/MPTP/Chainy_csv/MPT0083+1.csv
0.11764705882352941
0.0
0.0
0.11290322580645161
0.04672897196261682
0.05102040816326531
/Users/adminadmin/Documents/mywork/ATP/axiomselect/data/MPTP/Chainy_csv/MPT0262+1.csv
0.017595307917888565
0.00881057268722467
0.006349206349206349
0.014005602240896359
0.005813953488372093
0.007168458781362007
/Users/adminadmin/Documents/mywork/ATP/axiomselect/data/MPTP/Chainy_csv/MPT0227+1.csv
0.033783783783783786
0.0
0.0
0.0
0.03546099290780142
0.0
/Users/adminadmin/Documents/mywork/ATP/axiomselect/data/MPTP/Chainy_csv/MPT0163+1.csv
0.009345794392523364
0.012345679012345678
0.00881057268722467
0.0
0.00881057268722467
0.0
/Users/adminadmin/Documents/mywork/ATP/axiomselect/data/MPTP/Chainy_csv/MPT0147+1.csv
0.05555555555555555
0.0
0.052132701421800945
0.0
0.052132701421800945
0.07801418439716312
/Users/adminadmin/Documents/mywork/ATP/axiomselect/data/MPTP/Chainy_csv/MPT0102+1.csv
0.2978723404255319
0.0
0.0
0.0
0.06299212598425197
0.0
/Users/adminadmin/Documents/mywork/ATP/axiomselect/data/MPTP/Chainy_csv/MPT0246+1.csv
0.05846153846153846
0.004651162790697674
0.004629629629629629
0.0045662100456621
0.0037313432835820895
0.015625
/Users/adminadmin/Documents/mywork/ATP/axiomselect/data/MPTP/Chainy_csv/MPT0203+1.csv
0.019455252918287938
0.0
0.01845018450184502
0.0
0.01845018450184502
0.029585798816568046
/Users/adminadmin/Documents/mywork/ATP/axiomselect/data/MPTP/Chainy_csv/MPT0187+1.csv
0.008403361344537815
0.013071895424836602
0.00796812749003984
0.013157894736842105
0.00796812749003984
0.014084507042253521
/Users/adminadmin/Documents/mywork/ATP/axiomselect/data/MPTP/Chainy_csv/MPT0286+1.csv
0.0027397260273972603
0.00411522633744856
0.0026109660574412533
0.003968253968253968
0.0026109660574412533
0.004149377593360996
/Users/adminadmin/Documents/mywork/ATP/axiomselect/data/MPTP/Chainy_csv/MPT0022+1.csv
0.057692307692307696
0.0
0.0
0.06521739130434782
0.05263157894736842
0.06382978723404255
/Users/adminadmin/Documents/mywork/ATP/axiomselect/data/MPTP/Chainy_csv/MPT0067+1.csv
0.02912621359223301
0.04054054054054054
0.03409090909090909
0.027777777777777776
0.0297029702970297
0.03488372093023256
/Users/adminadmin/Documents/mywork/ATP/axiomselect/data/MPTP/Chainy_csv/MPT0284+1.csv
0.05509641873278237
0.0
0.0
0.053763440860215055
0.0056022408963585435
0.0
/Users/adminadmin/Documents/mywork/ATP/axiomselect/data/MPTP/Chainy_csv/MPT0178+1.csv
0.026200873362445413
0.0
0.024793388429752067
0.0
0.024793388429752067
0.015625
/Users/adminadmin/Documents/mywork/ATP/axiomselect/data/MPTP/Chainy_csv/MPT0185+1.csv
0.0423728813559322
0.012422360248447204
0.040160642570281124
0.012422360248447204
0.040160642570281124
0.0
/Users/adminadmin/Documents/mywork/ATP/axiomselect/data/MPTP/Chainy_csv/MPT0321+1.csv
0.06930693069306931
0.0
0.06619385342789598
0.0
0.06619385342789598
0.0
/Users/adminadmin/Documents/mywork/ATP/axiomselect/data/MPTP/Chainy_csv/MPT0020+1.csv
0.1
0.15151515151515152
0.14285714285714285
0.10204081632653061
0.1
0.11363636363636363
/Users/adminadmin/Documents/mywork/ATP/axiomselect/data/MPTP/Chainy_csv/MPT0065+1.csv
0.0594059405940594
0.0625
0.07142857142857142
0.05660377358490566
0.0625
0.07142857142857142
/Users/adminadmin/Documents/mywork/ATP/axiomselect/data/MPTP/Chainy_csv/MPT0058+1.csv
0.07526881720430108
0.0
0.0
0.0
0.06521739130434782
0.05405405405405406
/Users/adminadmin/Documents/mywork/ATP/axiomselect/data/MPTP/Chainy_csv/MPT0244+1.csv
0.028037383177570093
0.009345794392523364
0.026470588235294117
0.009259259259259259
0.026470588235294117
0.03260869565217391
/Users/adminadmin/Documents/mywork/ATP/axiomselect/data/MPTP/Chainy_csv/MPT0201+1.csv
0.023529411764705882
0.0
0.022304832713754646
0.0
0.022304832713754646
0.05084745762711865
/Users/adminadmin/Documents/mywork/ATP/axiomselect/data/MPTP/Chainy_csv/MPT0145+1.csv
0.06666666666666667
0.0
0.06280193236714976
0.0
0.06280193236714976
0.3333333333333333
/Users/adminadmin/Documents/mywork/ATP/axiomselect/data/MPTP/Chainy_csv/MPT0100+1.csv
0.10948905109489052
0.0
0.1056338028169014
0.0
0.1056338028169014
0.0
/Users/adminadmin/Documents/mywork/ATP/axiomselect/data/MPTP/Chainy_csv/MPT0081+1.csv
0.07692307692307693
0.0
0.0
0.07377049180327869
0.047619047619047616
0.052083333333333336
/Users/adminadmin/Documents/mywork/ATP/axiomselect/data/MPTP/Chainy_csv/MPT0039+1.csv
0.125
0.06666666666666667
0.05
0.05263157894736842
0.1232876712328767
0.0
/Users/adminadmin/Documents/mywork/ATP/axiomselect/data/MPTP/Chainy_csv/MPT0161+1.csv
0.009433962264150943
0.0
0.0
0.0
0.0
0.0
/Users/adminadmin/Documents/mywork/ATP/axiomselect/data/MPTP/Chainy_csv/MPT0124+1.csv
0.10240963855421686
0.0
0.09941520467836257
0.0
0.09941520467836257
0.10303030303030303
/Users/adminadmin/Documents/mywork/ATP/axiomselect/data/MPTP/Chainy_csv/MPT0260+1.csv
0.07079646017699115
0.022026431718061675
0.03503184713375796
0.0679886685552408
0.03216374269005848
0.039711191335740074
/Users/adminadmin/Documents/mywork/ATP/axiomselect/data/MPTP/Chainy_csv/MPT0225+1.csv
0.040955631399317405
0.0
0.03870967741935484
0.0
0.03870967741935484
0.03896103896103896
/Users/adminadmin/Documents/mywork/ATP/axiomselect/data/MPTP/Chainy_csv/MPT0218+1.csv
0.05017921146953405
0.0
0.0
0.0472972972972973
0.03676470588235294
0.04926108374384237
/Users/adminadmin/Documents/mywork/ATP/axiomselect/data/MPTP/Chainy_csv/MPT0119+1.csv
0.012422360248447204
0.01652892561983471
0.012195121951219513
0.01694915254237288
0.012195121951219513
0.01694915254237288
/Users/adminadmin/Documents/mywork/ATP/axiomselect/data/MPTP/Chainy_csv/MPT0004+1.csv
0.19047619047619047
0.25
0.17391304347826086
0.17391304347826086
0.17391304347826086
0.17391304347826086
/Users/adminadmin/Documents/mywork/ATP/axiomselect/data/MPTP/Chainy_csv/MPT0041+1.csv
0.02702702702702703
0.046511627906976744
0.034482758620689655
0.02857142857142857
0.02702702702702703
0.03076923076923077
/Users/adminadmin/Documents/mywork/ATP/axiomselect/data/MPTP/Chainy_csv/MPT0305+1.csv
0.16062176165803108
0.0
0.15308641975308643
0.0
0.15308641975308643
0.0
/Users/adminadmin/Documents/mywork/ATP/axiomselect/data/MPTP/Chainy_csv/MPT0214+1.csv
0.06934306569343066
0.0
0.06529209621993128
0.0
0.06529209621993128
0.07011070110701106
/Users/adminadmin/Documents/mywork/ATP/axiomselect/data/MPTP/Chainy_csv/MPT0251+1.csv
0.045454545454545456
0.0
0.043227665706051875
0.0
0.043227665706051875
0.04573170731707317
/Users/adminadmin/Documents/mywork/ATP/axiomselect/data/MPTP/Chainy_csv/MPT0115+1.csv
0.01910828025477707
0.01818181818181818
0.016129032258064516
0.018518518518518517
0.02097902097902098
0.023076923076923078
/Users/adminadmin/Documents/mywork/ATP/axiomselect/data/MPTP/Chainy_csv/MPT0150+1.csv
0.04975124378109453
0.0
0.04672897196261682
0.0
0.04672897196261682
0.07142857142857142
/Users/adminadmin/Documents/mywork/ATP/axiomselect/data/MPTP/Chainy_csv/MPT0008+1.csv
0.029411764705882353
0.06666666666666667
0.043478260869565216
0.029411764705882353
0.03125
0.03333333333333333
/Users/adminadmin/Documents/mywork/ATP/axiomselect/data/MPTP/Chainy_csv/MPT0309+1.csv
0.023017902813299233
0.0
0.02195121951219512
0.0
0.02195121951219512
0.0
/Users/adminadmin/Documents/mywork/ATP/axiomselect/data/MPTP/Chainy_csv/MPT0334+1.csv
0.023809523809523808
0.0
0.022779043280182234
0.0
0.022779043280182234
0.02444987775061125
/Users/adminadmin/Documents/mywork/ATP/axiomselect/data/MPTP/Chainy_csv/MPT0070+1.csv
0.1509433962264151
0.04
0.036585365853658534
0.14545454545454545
0.030303030303030304
0.03488372093023256
/Users/adminadmin/Documents/mywork/ATP/axiomselect/data/MPTP/Chainy_csv/MPT0035+1.csv
0.045454545454545456
0.0
0.04225352112676056
0.0
0.04225352112676056
0.047619047619047616
/Users/adminadmin/Documents/mywork/ATP/axiomselect/data/MPTP/Chainy_csv/MPT0291+1.csv
0.016216216216216217
0.013452914798206279
0.017241379310344827
0.007772020725388601
0.015873015873015872
0.019672131147540985
/Users/adminadmin/Documents/mywork/ATP/axiomselect/data/MPTP/Chainy_csv/MPT0128+1.csv
0.022857142857142857
0.0
0.021739130434782608
0.0
0.021739130434782608
0.03076923076923077
/Users/adminadmin/Documents/mywork/ATP/axiomselect/data/MPTP/Chainy_csv/MPT0190+1.csv
0.028925619834710745
0.01282051282051282
0.027450980392156862
0.012121212121212121
0.027450980392156862
0.017699115044247787
/Users/adminadmin/Documents/mywork/ATP/axiomselect/data/MPTP/Chainy_csv/MPT0229+1.csv
0.06020066889632107
0.005154639175257732
0.056962025316455694
0.005076142131979695
0.056962025316455694
0.061016949152542375
/Users/adminadmin/Documents/mywork/ATP/axiomselect/data/MPTP/Chainy_csv/MPT0054+1.csv
0.22727272727272727
0.03333333333333333
0.02702702702702703
0.029850746268656716
0.20454545454545456
0.025
/Users/adminadmin/Documents/mywork/ATP/axiomselect/data/MPTP/Chainy_csv/MPT0011+1.csv
0.024390243902439025
0.037037037037037035
0.027777777777777776
0.024390243902439025
0.024390243902439025
0.02564102564102564
/Users/adminadmin/Documents/mywork/ATP/axiomselect/data/MPTP/Chainy_csv/MPT0248+1.csv
0.12538226299694188
0.0
0.11849710982658959
0.0
0.11849710982658959
0.08928571428571429
/Users/adminadmin/Documents/mywork/ATP/axiomselect/data/MPTP/Chainy_csv/MPT0149+1.csv
0.005
0.00684931506849315
0.004694835680751174
0.006896551724137931
0.004694835680751174
0.006896551724137931
/Users/adminadmin/Documents/mywork/ATP/axiomselect/data/MPTP/Chainy_csv/MPT0131+1.csv
0.07262569832402235
0.0
0.06878306878306878
0.0
0.06878306878306878
0.07352941176470588
/Users/adminadmin/Documents/mywork/ATP/axiomselect/data/MPTP/Chainy_csv/MPT0174+1.csv
0.017777777777777778
0.018867924528301886
0.01680672268907563
0.0
0.01680672268907563
0.0
/Users/adminadmin/Documents/mywork/ATP/axiomselect/data/MPTP/Chainy_csv/MPT0288+1.csv
0.008174386920980926
0.013043478260869565
0.009036144578313253
0.007853403141361256
0.008264462809917356
0.013215859030837005
/Users/adminadmin/Documents/mywork/ATP/axiomselect/data/MPTP/Chainy_csv/MPT0230+1.csv
0.06666666666666667
0.0
0.06309148264984227
0.0
0.06309148264984227
0.020833333333333332
/Users/adminadmin/Documents/mywork/ATP/axiomselect/data/MPTP/Chainy_csv/MPT0275+1.csv
0.06779661016949153
0.0
0.0646900269541779
0.0
0.0646900269541779
0.06896551724137931
/Users/adminadmin/Documents/mywork/ATP/axiomselect/data/MPTP/Chainy_csv/MPT0189+1.csv
0.06666666666666667
0.0
0.06324110671936758
0.0
0.06324110671936758
0.03278688524590164
/Users/adminadmin/Documents/mywork/ATP/axiomselect/data/MPTP/Chainy_csv/MPT0094+1.csv
0.03076923076923077
0.0
0.02962962962962963
0.0
0.02962962962962963
0.031007751937984496
/Users/adminadmin/Documents/mywork/ATP/axiomselect/data/MPTP/Chainy_csv/MPT0069+1.csv
0.02857142857142857
0.04285714285714286
0.041666666666666664
0.02830188679245283
0.031578947368421054
0.04
/Users/adminadmin/Documents/mywork/ATP/axiomselect/data/MPTP/Chainy_csv/MPT0232+1.csv
0.11920529801324503
0.0
0.11285266457680251
0.0
0.11285266457680251
0.04149377593360996
/Users/adminadmin/Documents/mywork/ATP/axiomselect/data/MPTP/Chainy_csv/MPT0277+1.csv
0.07584269662921349
0.0
0.07238605898123325
0.0
0.07238605898123325
0.0
/Users/adminadmin/Documents/mywork/ATP/axiomselect/data/MPTP/Chainy_csv/MPT0133+1.csv
0.0055248618784530384
0.007142857142857143
0.005235602094240838
0.007352941176470588
0.005235602094240838
0.047619047619047616
/Users/adminadmin/Documents/mywork/ATP/axiomselect/data/MPTP/Chainy_csv/MPT0176+1.csv
0.022026431718061675
0.0
0.020833333333333332
0.0
0.020833333333333332
0.0
/Users/adminadmin/Documents/mywork/ATP/axiomselect/data/MPTP/Chainy_csv/MPT0096+1.csv
0.03787878787878788
0.0
0.0
0.0
0.04132231404958678
0.0
/Users/adminadmin/Documents/mywork/ATP/axiomselect/data/MPTP/Chainy_csv/MPT0312+1.csv
0.04810126582278481
0.0
0.04589371980676329
0.0
0.04589371980676329
0.04810126582278481
/Users/adminadmin/Documents/mywork/ATP/axiomselect/data/MPTP/Chainy_csv/MPT0056+1.csv
0.022222222222222223
0.030303030303030304
0.02127659574468085
0.029411764705882353
0.021052631578947368
0.024390243902439025
/Users/adminadmin/Documents/mywork/ATP/axiomselect/data/MPTP/Chainy_csv/MPT0013+1.csv
0.046511627906976744
0.03571428571428571
0.024390243902439025
0.027777777777777776
0.0425531914893617
0.0625
/Users/adminadmin/Documents/mywork/ATP/axiomselect/data/MPTP/Chainy_csv/MPT0072+1.csv
0.027777777777777776
0.0
0.0
0.02654867256637168
0.03125
0.037037037037037035
/Users/adminadmin/Documents/mywork/ATP/axiomselect/data/MPTP/Chainy_csv/MPT0037+1.csv
0.04411764705882353
0.0
0.0410958904109589
0.0
0.0410958904109589
0.0
